Nr,Lat,Long,Latgms,Longms,Municipio,CodIbge,Estado,AreaKm2,Desmatado2011,Incremento20102011,Floresta2011,Nuvem2011,NaoObservado2011,NaoFloresta2011,Hidrografia2011,Soma 
 1,-2.83490,-57.83095,S 2 50 5.64,O 57 49 51.42,Urucurituba,1304401,AM,2915,95.2,0.6,126.2,3.5,0.1,1689.6,1000.4,100
 2,-1.24938,-58.78714,S 1 14 57.77,O 58 47 13.70,Urucará,1304302,AM,28012,339.8,1.8,24634.6,1967.3,0.9,423.0,646.4,99
 3,-3.20648,-65.43058,S 3 12 23.33,O 65 25 50.09,Uarini,1304260,AM,10448,244.6,1.3,9370.6,300.1,0.6,100.3,431.8,100
 4,-2.57583,-67.47268,S 2 34 32.99,O 67 28 21.65,Tonantins,1304237,AM,6619,83.5,1.1,5195.3,955.1,2.0,67.4,315.7,99
 5,-4.41301,-65.57764,S 4 24 46.84,O 65 34 39.50,Tefé,1304203,AM,24186,637.7,3.6,21907.3,745.1,2.3,168.9,724.7,100
 6,-5.93398,-65.97188,S 5 56 2.33,O 65 58 18.77,Tapauá,1304104,AM,90962,316.1,4.6,85177.7,1803.0,2.7,2161.1,1501.4,100
 7,-4.02878,-69.69786,S 4 1 43.61,O 69 41 52.30,Tabatinga,1304062,AM,3343,157.6,0.9,3097.5,4.9,29.7,1.3,52.0,100
 8,-2.85099,-58.49614,S 2 51 3.56,O 58 29 46.10,Silves,1304005,AM,3758,430.9,1.8,2555.5,44.0,0.2,128.7,598.7,100
 9,-1.89625,-58.81001,S 1 53 46.50,O 58 48 36.04,São Sebastião do Uatumã,1303957,AM,10776,205.4,2.8,9846.6,31.9,0.6,65.7,625.8,100
 10,-4.73714,-69.52392,S 4 44 13.70,O 69 31 26.11,São Paulo de Olivença,1303908,AM,20467,177.1,0.9,19544.2,70.9,0.7,86.3,587.8,100
 11,0.35952,-68.17017,N 0 21 34.27,O 68 10 12.61,São Gabriel da Cachoeira,1303809,AM,112476,1199.4,4.0,55198.6,53742.7,363.4,489.6,1482.3,100
 12,-3.08079,-69.06723,S 3 4 50.84,O 69 4 2.03,Santo Antônio do Içá,1303700,AM,12737,137.1,2.8,7207.7,4779.7,70.8,90.4,451.3,100
 13,-0.25129,-64.98731,S 0 15 4.64,O 64 59 14.32,Santa Isabel do Rio Negro,1303601,AM,64130,215.1,2.1,48503.4,13764.8,67.6,950.8,628.3,100
 14,-2.50853,-59.60122,S 2 30 30.71,O 59 36 4.39,Rio Preto da Eva,1303569,AM,5838,570.6,5.8,5251.5,4.3,1.3,0.0,10.3,99
 15,-0.65847,-60.17004,S 0 39 30.49,O 60 10 12.14,Presidente Figueiredo,1303536,AM,25568,729.6,11.5,21392.9,17.7,4.9,1.1,3421.8,99
 16,-7.76452,-68.19675,S 7 45 52.27,O 68 11 48.30,Pauini,1303502,AM,42877,225.2,6.0,41511.4,852.2,2.7,23.7,261.8,100
 17,-2.78735,-56.68566,S 2 47 14.46,O 56 41 8.38,Parintins,1303403,AM,5958,966.9,4.8,1515.4,60.8,0.5,1133.2,2281.2,100
 18,-6.83379,-60.23604,S 6 50 1.64,O 60 14 9.74,Novo Aripuanã,1303304,AM,41452,915.6,18.5,37961.8,183.5,28.3,1620.2,742.6,99
 19,-1.51628,-61.51599,S 1 30 58.61,O 61 30 57.56,Novo Airão,1303205,AM,38114,118.0,1.2,35481.2,943.6,0.6,211.9,1358.7,100
 20,-4.02487,-58.58633,S 4 1 29.53,O 58 35 10.79,Nova Olinda do Norte,1303106,AM,5625,419.0,3.4,4350.6,142.6,0.8,281.0,431.0,100
 21,-1.08094,-58.44390,S 1 4 51.38,O 58 26 38.04,Nhamundá,1303007,AM,14132,478.4,4.2,11807.4,392.4,1.6,344.4,1107.8,100
 22,-5.24148,-58.19462,S 5 14 29.33,O 58 11 40.63,Maués,1302900,AM,40090,1317.0,14.5,36421.7,180.9,3.2,872.3,1294.9,100
 23,-2.61234,-64.70305,S 2 36 44.42,O 64 42 10.98,Maraã,1302801,AM,17221,115.1,0.7,13582.9,1066.4,5.3,604.6,1846.7,99
 24,-6.78709,-61.11001,S 6 47 13.52,O 61 6 36.04,Manicoré,1302702,AM,48689,1617.9,55.6,39151.3,2928.1,18.4,4146.5,826.8,100
 25,-2.57290,-60.37242,S 2 34 22.44,O 60 22 20.71,Manaus,1302603,AM,11473,1248.2,2.3,8673.3,0.0,0.7,3.0,1547.8,100
 26,-3.73889,-60.65552,S 3 44 20.00,O 60 39 19.87,Manaquiri,1302553,AM,4001,494.5,1.7,3102.7,10.3,0.1,106.3,287.1,100
 27,-3.27671,-60.71178,S 3 16 36.16,O 60 42 42.41,Manacapuru,1302504,AM,7381,791.0,8.7,4328.4,32.4,0.6,805.6,1423.0,100
 28,-8.38295,-65.70994,S 8 22 58.62,O 65 42 35.78,Lábrea,1302405,AM,69672,3269.1,76.8,64142.5,12.0,9.2,1793.3,445.9,99
 29,-4.50575,-68.24058,S 4 30 20.70,O 68 14 26.09,Jutaí,1302306,AM,71756,237.2,3.1,70210.9,40.2,8.6,97.6,1161.5,100
 30,-3.37471,-66.45025,S 3 22 28.96,O 66 27 0.90,Juruá,1302207,AM,19849,148.8,0.6,18596.0,218.8,10.1,142.1,733.2,99
 31,-1.38598,-68.79404,S 1 23 9.53,O 68 47 38.54,Japurá,1302108,AM,57555,57.7,1.3,40570.7,15303.3,100.5,2.6,1520.2,99
 32,-2.54458,-58.65656,S 2 32 40.49,O 58 39 23.62,Itapiranga,1302009,AM,4245,136.9,1.2,3771.9,8.0,0.2,155.6,172.4,100
 33,-6.72683,-67.90389,S 6 43 36.59,O 67 54 14.00,Itamarati,1301951,AM,26042,126.0,1.6,25101.1,521.3,1.8,3.3,288.5,100
 34,-3.13511,-58.81276,S 3 8 6.40,O 58 48 45.94,Itacoatiara,1301902,AM,8927,1737.6,17.6,4451.2,241.6,1.7,829.3,1665.6,99
 35,-3.08591,-60.66479,S 3 5 9.28,O 60 39 53.24,Iranduba,1301852,AM,2229,481.8,2.8,1307.7,2.4,0.4,132.9,303.8,100
 36,-7.14334,-71.42004,S 7 8 36.02,O 71 25 12.14,Ipixuna,1301803,AM,12595,215.3,2.1,11617.5,624.2,1.2,66.6,70.2,100
 37,-7.51084,-62.59920,S 7 30 39.02,O 62 35 57.12,Humaitá,1301704,AM,33428,685.6,11.2,28716.1,123.1,2.7,3116.3,784.2,100
 38,-7.25158,-72.74345,S 7 15 5.69,O 72 44 36.42,Guajará,1301654,AM,7984,474.7,6.9,6883.9,410.3,1.0,206.9,7.2,100
 39,-2.54594,-66.91330,S 2 32 45.38,O 66 54 47.88,Fonte Boa,1301605,AM,12392,100.7,0.9,11064.9,257.6,2.2,154.1,812.5,100
 40,-7.61678,-70.19515,S 7 37 0.41,O 70 11 42.54,Envira,1301506,AM,7793,260.8,7.4,7296.1,166.8,6.4,0.1,62.8,100
 41,-7.04074,-70.12601,S 7 2 26.66,O 70 7 33.64,Eirunepé,1301407,AM,15608,375.5,3.7,14849.0,23.8,5.9,172.1,181.7,100
 42,-3.12907,-63.20401,S 3 7 44.65,O 63 12 14.44,Codajás,1301308,AM,18944,262.2,0.8,14766.3,1744.9,0.6,729.2,1440.8,99
 43,-4.03545,-63.53466,S 4 2 7.62,O 63 32 4.78,Coari,1301209,AM,58828,771.0,3.8,52845.1,1624.6,2.4,823.1,2761.8,99
 44,-3.30477,-59.55597,S 3 18 17.17,O 59 33 21.49,Careiro da Várzea,1301159,AM,2641,526.6,12.1,773.8,4.2,0.6,707.8,628.0,100
 45,-3.74900,-60.14701,S 3 44 56.40,O 60 8 49.24,Careiro,1301100,AM,6127,1114.7,4.9,4530.8,83.3,0.6,80.7,316.9,100
 46,-5.17242,-67.49476,S 5 10 20.71,O 67 29 41.14,Carauari,1301001,AM,26469,292.1,0.5,25126.5,630.0,7.8,12.7,399.9,100
 47,-7.45596,-63.90278,S 7 27 21.46,O 63 54 10.01,Canutama,1300904,AM,30278,939.6,26.5,27299.6,747.7,6.0,988.3,296.8,99
 48,-3.05460,-61.93934,S 3 3 16.56,O 61 56 21.62,Caapiranga,1300839,AM,9550,240.8,1.0,8551.3,148.2,0.2,181.9,427.6,99
 49,-5.33176,-59.23777,S 5 19 54.34,O 59 14 15.97,Borba,1300805,AM,44452,535.7,11.5,41170.3,307.4,13.4,586.5,1838.7,100
 50,-8.81858,-68.00168,S 8 49 6.89,O 68 0 6.05,Boca do Acre,1300706,AM,22595,2116.3,60.1,20275.1,19.3,1.9,58.4,124.0,100
 51,-3.15669,-57.90464,S 3 9 24.08,O 57 54 16.70,Boa Vista do Ramos,1300680,AM,2588,204.9,1.4,1069.9,54.3,0.4,852.8,405.7,100
 52,-4.54242,-61.73805,S 4 32 32.71,O 61 44 16.98,Beruri,1300631,AM,17411,212.2,2.2,14394.4,1342.9,2.6,886.1,572.8,99
 53,-5.49767,-70.32124,S 5 29 51.61,O 70 19 16.46,Benjamin Constant,1300607,AM,9146,188.5,1.1,8694.3,41.7,16.7,0.0,204.8,100
 54,-3.13292,-57.23915,S 3 7 58.51,O 57 14 20.94,Barreirinha,1300508,AM,5760,783.5,5.0,3475.3,135.6,0.9,408.6,956.1,100
 55,-0.14071,-63.18572,S 0 8 26.56,O 63 11 8.59,Barcelos,1300409,AM,124163,202.5,1.6,93370.8,8978.9,50.8,17060.1,4499.9,99
 56,-3.83163,-59.45109,S 3 49 53.87,O 59 27 3.92,Autazes,1300300,AM,7636,1242.8,23.7,4679.3,232.6,1.1,464.3,1015.9,100
 57,-5.67098,-71.72825,S 5 40 15.53,O 71 43 41.70,Atalaia do Norte,1300201,AM,80005,239.0,1.7,77557.8,1479.4,316.4,16.5,395.9,99
 58,-7.59202,-59.44152,S 7 35 31.27,O 59 26 29.47,Apuí,1300144,AM,54490,1780.2,49.2,51864.4,0.0,16.2,625.0,204.2,100
 59,-4.15477,-62.08065,S 4 9 17.17,O 62 4 50.34,Anori,1300102,AM,5852,80.2,0.6,4344.2,351.9,0.4,640.6,434.7,100
 60,-3.47332,-61.67090,S 3 28 23.95,O 61 40 15.24,Anamã,1300086,AM,2473,197.5,0.8,1932.0,89.8,0.1,34.6,219.0,100
 61,-3.42104,-68.34925,S 3 25 15.74,O 68 20 57.30,Amaturá,1300060,AM,4903,114.0,1.4,4307.7,45.2,0.1,222.4,213.6,100
 62,-3.67425,-65.34586,S 3 40 27.30,O 65 20 45.10,Alvarães,1300029,AM,6027,322.1,2.4,5501.0,37.9,0.4,38.0,127.6,100
